5.065118              9.587155e-03          5.557991e-04          -6.803988e-04       
5.131824              7.342323e-03          3.378717e-04          -6.109616e-04       
5.199408              5.618660e-03          4.249926e-04          -3.257872e-04       
5.267883              3.581850e-03          2.778582e-04          -2.480399e-04       
5.337259              5.513063e-04          -4.374657e-04         -6.077297e-04       
5.407549              -1.508792e-03         -5.438065e-04         -4.969144e-04       
5.478764              -2.958806e-03         -3.904412e-04         -2.216594e-04       
5.550918              -6.209718e-03         -1.773670e-03         -1.093615e-03       
5.624021              -9.810172e-03         -3.464846e-03         -2.169241e-03       
5.698088              -1.172281e-02         -4.192668e-03         -2.525936e-03       
5.773130              -1.250560e-02         -4.258189e-03         -2.382017e-03       
5.849160              -8.137591e-03         -1.496236e-03         -1.403138e-04       
5.926191              -5.997063e-03         -3.796739e-04         7.356902e-04        
6.004237              -8.004954e-03         -1.489962e-03         -3.422008e-05       
6.083311              -3.370367e-03         1.418665e-03          2.150022e-03        
6.163426              3.692532e-03          5.381674e-03          5.029597e-03        
6.244596              1.102214e-02          9.195062e-03          7.702175e-03        
6.326835              1.348184e-02          9.847458e-03          7.867027e-03        
6.410157              8.381443e-03          6.265234e-03          4.875885e-03        
6.494577              5.167638e-03          4.062804e-03          3.041349e-03        
6.580108              6.726284e-03          4.323182e-03          3.123198e-03        
6.666766              3.704631e-03          1.795209e-03          1.051959e-03        
6.754565              -1.660417e-04         -1.053418e-03         -1.207139e-03       
6.843520              -9.173188e-04         -2.092737e-03         -2.090754e-03       
6.933647              -1.152898e-03         -2.925312e-03         -2.847918e-03       
7.024961              -6.550250e-04         -3.504727e-03         -3.446466e-03       
7.117477              1.026214e-03          -3.916778e-03         -4.027985e-03       
7.211212              2.505720e-03          -4.510526e-03         -4.765705e-03       
7.306181              3.350326e-03          -5.541481e-03         -5.854907e-03       
7.402401              2.082196e-03          -7.694192e-03         -7.763642e-03       
7.499888              8.405240e-04          -9.768155e-03         -9.586274e-03       
7.598659              -4.916934e-04         -8.704960e-03         -8.548839e-03       
7.698731              -2.165935e-03         -4.109945e-03         -3.927393e-03       
7.800120              -5.424768e-03         5.544133e-03          6.244231e-03        
7.902845              -6.058012e-03         2.556098e-02          2.727980e-02        
8.006923              -5.592181e-03         5.956722e-02          6.353003e-02        
8.112371              -3.910160e-03         1.145685e-01          1.109797e-01        
8.219209              2.829876e-03          1.970741e-01          1.814719e-01        
8.327453              2.395742e-02          2.658055e-01          2.491085e-01        
8.437122              5.945219e-02          3.481624e-01          3.301679e-01        
8.548236              1.061177e-01          4.338503e-01          4.121161e-01        
8.660814              1.629916e-01          5.256210e-01          4.980252e-01        
8.774874              2.303403e-01          6.226526e-01          5.864618e-01        
8.890436              3.165877e-01          7.206162e-01          6.753227e-01        
9.007520              4.278198e-01          8.244204e-01          7.711930e-01        
9.126146              5.344313e-01          8.943456e-01          8.547293e-01        
9.246334              6.484878e-01          9.549560e-01          9.289530e-01        
9.368105              7.521437e-01          9.943147e-01          9.793898e-01        
9.491480              8.356063e-01          1.000000e+00          9.984130e-01        
9.616479              9.104743e-01          9.912797e-01          1.000000e+00        
9.743125              9.564143e-01          9.642998e-01          9.695033e-01        
9.871438              9.869372e-01          9.318666e-01          9.230787e-01        
10.001440             1.000000e+00          8.934061e-01          8.643829e-01        
10.133160             9.890884e-01          8.511939e-01          7.985314e-01        
10.266610             9.693707e-01          8.070037e-01          7.317749e-01        
10.401820             9.453682e-01          7.635750e-01          6.670851e-01        
10.538800             9.098141e-01          7.063462e-01          6.032818e-01        
10.677600             8.664925e-01          6.520701e-01          5.411219e-01        
10.818220             8.126911e-01          5.968364e-01          4.783021e-01        
10.960690             7.537518e-01          5.371392e-01          4.121858e-01        
11.105040             6.960485e-01          4.782001e-01          3.508677e-01        
11.251290             6.356959e-01          4.195749e-01          2.930296e-01        
11.399460             5.729611e-01          3.624537e-01          2.390840e-01        
11.549590             4.954607e-01          2.996225e-01          1.810815e-01        
11.701690             4.191336e-01          2.355083e-01          1.312415e-01        
11.855800             3.455902e-01          1.781968e-01          9.156712e-02        
12.011940             2.786406e-01          1.338696e-01          6.378005e-02        
12.170130             2.204452e-01          1.121020e-01          5.713866e-02        
12.330410             1.705463e-01          9.179357e-02          5.045076e-02        
12.492790             1.267277e-01          7.222294e-02          4.328612e-02        
12.657320             1.080312e-01          6.646250e-02          4.524741e-02        
12.824010             9.251806e-02          6.205455e-02          4.837587e-02        
12.992900             7.935707e-02          5.847538e-02          5.229165e-02        
13.164010             8.481671e-02          5.900405e-02          5.257117e-02        
13.337380             8.843937e-02          5.792519e-02          5.131132e-02        
13.513030             9.159229e-02          5.629693e-02          4.959026e-02        
13.690990             9.826051e-02          5.496249e-02          4.748899e-02        
13.871290             1.077529e-01          5.498218e-02          4.642231e-02        
14.053970             1.190061e-01          5.639619e-02          4.608420e-02        
14.239060             1.273108e-01          5.754511e-02          4.476606e-02        
14.426580             1.344882e-01          5.778906e-02          4.270219e-02        
14.616580             1.435335e-01          5.693037e-02          4.291897e-02        
14.809070             1.539964e-01          5.525094e-02          4.463446e-02        
15.004100             1.666116e-01          5.451178e-02          4.718874e-02        
15.201700             2.008989e-01          6.826035e-02          5.924588e-02        
15.401900             2.394743e-01          8.344366e-02          7.269055e-02        
15.604740             2.821915e-01          1.014672e-01          9.131143e-02        
15.810250             3.312744e-01          1.240277e-01          1.173077e-01        
16.018460             3.864938e-01          1.505785e-01          1.478376e-01        
16.229420             4.337491e-01          1.831142e-01          1.793380e-01        
16.443160             4.851202e-01          2.201217e-01          2.152438e-01        
16.659710             5.191440e-01          2.522175e-01          2.472444e-01        
16.879110             5.463122e-01          2.836339e-01          2.789882e-01        
17.101400             5.675372e-01          3.128095e-01          3.068801e-01        
17.326620             5.814308e-01          3.379554e-01          3.283969e-01        
17.554810             5.897550e-01          3.605866e-01          3.470667e-01        
17.786000             5.872418e-01          3.751138e-01          3.568512e-01        
18.020230             5.833927e-01          3.883848e-01          3.653268e-01        
18.257550             5.706717e-01          3.890346e-01          3.633349e-01        
18.498000             5.568690e-01          3.886230e-01          3.604016e-01        
18.741610             5.409982e-01          3.821374e-01          3.508084e-01        
18.988430             5.254277e-01          3.754874e-01          3.410699e-01        
19.238500             5.081596e-01          3.656821e-01          3.270600e-01        
19.491870             4.921528e-01          3.563090e-01          3.135685e-01        
19.748570             4.775551e-01          3.438110e-01          2.990748e-01        
20.008650             4.631958e-01          3.313711e-01          2.849444e-01        
20.272160             4.476490e-01          3.180137e-01          2.702585e-01        
20.539140             4.336840e-01          3.056864e-01          2.566719e-01        
20.809630             4.201965e-01          2.937441e-01          2.436840e-01        
21.083690             4.072888e-01          2.792782e-01          2.312227e-01        
21.361350             3.959423e-01          2.595052e-01          2.196071e-01        
21.642670             3.844667e-01          2.403122e-01          2.081889e-01        
21.927700             3.734229e-01          2.220383e-01          1.972393e-01        
22.216480             3.644122e-01          2.063144e-01          1.878426e-01        
22.509060             3.563406e-01          1.919761e-01          1.792497e-01        
22.805500             3.484407e-01          1.783033e-01          1.709728e-01        
23.105840             3.405240e-01          1.662371e-01          1.632800e-01        
23.410130             3.325906e-01          1.565252e-01          1.564269e-01        
23.718440             3.246615e-01          1.471199e-01          1.497360e-01        
24.030800             3.164263e-01          1.382524e-01          1.432127e-01        
24.347280             3.054200e-01          1.318472e-01          1.369535e-01        
24.667920             2.946378e-01          1.256656e-01          1.308989e-01        
24.992790             2.840889e-01          1.197086e-01          1.250494e-01        
25.321940             2.726244e-01          1.152439e-01          1.193413e-01        
25.655420             2.614365e-01          1.109657e-01          1.138321e-01        
25.993290             2.505583e-01          1.068549e-01          1.085298e-01        
26.335620             2.393526e-01          1.029576e-01          1.035740e-01        
26.682450             2.283666e-01          9.914949e-02          9.875872e-02        
27.033850             2.174293e-01          9.543774e-02          9.404850e-02        
27.389870             2.050472e-01          9.187597e-02          8.918433e-02        
27.750590             1.931126e-01          8.845144e-02          8.451000e-02        
28.116050             1.817963e-01          8.496157e-02          8.010657e-02        
28.486330             1.711829e-01          8.111905e-02          7.601077e-02        
28.861490             1.609764e-01          7.744301e-02          7.209577e-02        
29.241580             1.498770e-01          7.283957e-02          6.814186e-02        
29.626680             1.384331e-01          6.776584e-02          6.419001e-02        
